(* ::Package:: *)

(*Nuclear Species Experimental Data*)
isotopeName="U-233";
databaseName="JENDL-5";

atomicNumber=92;(*Atomic number*)
neutronNumber=142;(*Compound nucleus neutron number*)(*Calculation Data Range*)

energyPattern=3;(*Input required*)(*energyPattern=1;Data at 0.0253eV*)(*energyPattern=2;Data at 0.0253eV,500keV*)(*energyPattern=3;Data at 0.0253eV,500keV,14MeV*)(*energyPattern=4;Data at 500keV*)



(*Average Number of Prompt Neutrons*)
promptNeutrons1=2.497;(*0.0253 eV*)
promptNeutrons2=2.933;(*500 keV*)
promptNeutrons3=4.521;(*14 MeV*)

(*Neutron Separation Energy*)
neutronSeparationEnergy=6845.5/1000;

(*Charge Distribution Experimental Data JENDL-5*)
yieldData0253eV={{23,1.9395800*10^(-18)},{24,4.7149180*10^(-14)},{25,1.9564253*10^(-11)},{26,2.4292640*10^(-09)},{27,5.8120002*10^(-08)},{28,2.1277073*10^(-06)},{29,2.1238754*10^(-05)},{30,2.1356347*10^(-04)},{31,1.3714399*10^(-03)},{32,5.7203651*10^(-03)},{33,1.2635055*10^(-02)},{34,4.5523769*10^(-02)},{35,6.1180197*10^(-02)},{36,1.7881349*10^(-01)},{37,1.2223762*10^(-01)},{38,1.9893069*10^(-01)},{39,1.2252070*10^(-01)},{40,1.6079703*10^(-01)},{41,5.1488355*10^(-02)},{42,3.3556081*10^(-02)},{43,3.4037124*10^(-03)},{44,7.7093729*10^(-04)},{45,2.7766192*10^(-04)},{46,4.0452957*10^(-04)},{47,3.0684672*10^(-04)},{48,6.4484326*10^(-04)},{49,4.1886236*10^(-03)},{50,3.9938902*10^(-02)},{51,5.9054768*10^(-02)},{52,1.5496140*10^(-01)},{53,1.0933581*10^(-01)},{54,1.8970848*10^(-01)},{55,1.2760284*10^(-01)},{56,1.8015937*10^(-01)},{57,7.5439083*10^(-02)},{58,4.2046507*10^(-02)},{59,1.1311828*10^(-02)},{60,4.6284361*10^(-03)},{61,6.5189816*10^(-04)},{62,1.3860441*10^(-04)},{63,1.2154116*10^(-05)},{64,9.4474190*10^(-07)},{65,3.1218573*10^(-08)},{66,1.7602408*10^(-09)},{67,4.7831576*10^(-11)},{68,1.9634419*10^(-12)},{69,1.6750416*10^(-14)},{70,4.4242209*10^(-17)},{71,0}};

yieldData500keV={{23,1.3304500*10^(-18)},{24,4.0734560*10^(-14)},{25,2.0682375*10^(-11)},{26,2.9497964*10^(-09)},{27,6.8446039*10^(-08)},{28,2.3096487*10^(-06)},{29,2.4492120*10^(-05)},{30,2.3032832*10^(-04)},{31,8.6591931*10^(-04)},{32,4.8184891*10^(-03)},{33,1.2464802*10^(-02)},{34,4.6941559*10^(-02)},{35,6.4163271*10^(-02)},{36,1.6251272*10^(-01)},{37,1.2148586*10^(-01)},{38,1.9606439*10^(-01)},{39,1.2044272*10^(-01)},{40,1.4176988*10^(-01)},{41,6.9939717*10^(-02)},{42,4.9368408*10^(-02)},{43,4.8283706*10^(-03)},{44,1.8210398*10^(-03)},{45,1.2080202*10^(-03)},{46,1.6450812*10^(-03)},{47,1.3005316*10^(-03)},{48,1.9935849*10^(-03)},{49,4.0546610*10^(-03)},{50,4.7388849*10^(-02)},{51,6.6327727*10^(-02)},{52,1.5008923*10^(-01)},{53,1.2500967*10^(-01)},{54,1.8399314*10^(-01)},{55,1.2964181*10^(-01)},{56,1.5455756*10^(-01)},{57,7.2120142*10^(-02)},{58,4.4167589*10^(-02)},{59,1.2520996*10^(-02)},{60,5.0047611*10^(-03)},{61,9.4462787*10^(-04)},{62,2.5349105*10^(-04)},{63,3.2112581*10^(-05)},{64,2.0574505*10^(-06)},{65,8.6122205*10^(-08)},{66,5.8917332*10^(-09)},{67,2.1584943*10^(-10)},{68,8.4449408*10^(-12)},{69,1.7282211*10^(-13)},{70,7.8074632*10^(-16)},{71,9.3977000*10^(-20)}};

yieldData14MeV={{23,2.4071900*10^(-13)},{24,1.1402617*10^(-09)},{25,1.9695899*10^(-07)},{26,5.1037107*10^(-06)},{27,3.0212411*10^(-05)},{28,1.1456633*10^(-04)},{29,3.7307472*10^(-04)},{30,1.1082888*10^(-03)},{31,3.1146315*10^(-03)},{32,7.8674530*10^(-03)},{33,2.0243504*10^(-02)},{34,4.1349462*10^(-02)},{35,6.7745881*10^(-02)},{36,1.0833892*10^(-01)},{37,1.2417831*10^(-01)},{38,1.3155392*10^(-01)},{39,1.2152981*10^(-01)},{40,9.8620785*10^(-02)},{41,7.8493301*10^(-02)},{42,5.9253394*10^(-02)},{43,4.1868430*10^(-02)},{44,3.8388374*10^(-02)},{45,3.6302172*10^(-02)},{46,3.5285276*10^(-02)},{47,3.5068330*10^(-02)},{48,3.5105681*10^(-02)},{49,4.7849279*10^(-02)},{50,6.6816907*10^(-02)},{51,7.7893742*10^(-02)},{52,9.7530614*10^(-02)},{53,1.1819071*10^(-01)},{54,1.2811692*10^(-01)},{55,1.3697081*10^(-01)},{56,1.0426530*10^(-01)},{57,7.1574423*10^(-02)},{58,3.6379958*10^(-02)},{59,1.7349547*10^(-02)},{60,7.0241157*10^(-03)},{61,2.7204453*10^(-03)},{62,9.2641255*10^(-04)},{63,3.0773823*10^(-04)},{64,1.0066067*10^(-04)},{65,3.1040784*10^(-05)},{66,9.2817538*10^(-06)},{67,2.4026634*10^(-06)},{68,6.1153115*10^(-07)},{69,8.1743673*10^(-08)},{70,2.6024813*10^(-09)},{71,1.0647540*10^(-11)}};

optResult0253eVRe1={ 3.5337884974321467`*^-14, {effectiveDistance0253eV[23, 69] -> 0.17373508181707756`, effectiveDistance0253eV[24, 68] -> 0.4403523063392093, effectiveDistance0253eV[25, 67] -> 0.7330432453816984, effectiveDistance0253eV[26, 66] -> 0.8724290984612452, effectiveDistance0253eV[27, 65] -> 0.9178586839990969, effectiveDistance0253eV[28, 64] -> 0.9583226375696754, effectiveDistance0253eV[29, 63] -> 0.9880924223186885, effectiveDistance0253eV[30, 62] -> 1.0146847854601482`, effectiveDistance0253eV[31, 61] -> 1.0412622127489273`, effectiveDistance0253eV[32, 60] -> 1.0644081243292325`, effectiveDistance0253eV[33, 59] -> 1.0877986885671591`, effectiveDistance0253eV[34, 58] -> 1.1077673493859317`, effectiveDistance0253eV[35, 57] -> 1.1277862024481804`, effectiveDistance0253eV[36, 56] -> 1.1443314948009258`, effectiveDistance0253eV[37, 55] -> 1.1607285806951808`, effectiveDistance0253eV[38, 54] -> 1.1733740429086001`, effectiveDistance0253eV[39, 53] -> 1.186393691951176, effectiveDistance0253eV[40, 52] -> 1.1963615013254085`, effectiveDistance0253eV[41, 51] -> 1.2065401454524367`, effectiveDistance0253eV[42, 50] -> 1.213119468136353, effectiveDistance0253eV[43, 49] -> 1.2203032169697043`, effectiveDistance0253eV[44, 48] -> 1.2234664448499293`, effectiveDistance0253eV[45, 47] -> 1.2272528647195073`, effectiveDistance0253eV[46, 46] -> 1.2272154676475089`, effectiveDistance0253eV[47, 45] -> 1.227306728810762, effectiveDistance0253eV[48, 44] -> 1.2233705907413988`, effectiveDistance0253eV[49, 43] -> 1.2204144230339067`, effectiveDistance0253eV[50, 42] -> 1.2132121537782425`, effectiveDistance0253eV[51, 41] -> 1.206612800741415, effectiveDistance0253eV[52, 40] -> 1.1963420899762007`, effectiveDistance0253eV[53, 39] -> 1.1863343445244623`, effectiveDistance0253eV[54, 38] -> 1.1733495737798196`, effectiveDistance0253eV[55, 37] -> 1.1607505221360432`, effectiveDistance0253eV[56, 36] -> 1.1443352702339737`, effectiveDistance0253eV[57, 35] -> 1.1278902874026682`, effectiveDistance0253eV[58, 34] -> 1.1077285985281313`, effectiveDistance0253eV[59, 33] -> 1.087745660528314, effectiveDistance0253eV[60, 32] -> 1.0643088587923888`, effectiveDistance0253eV[61, 31] -> 1.0409210391168573`, effectiveDistance0253eV[62, 30] -> 1.0144917103325275`, effectiveDistance0253eV[63, 29] -> 0.987849616175906, effectiveDistance0253eV[64, 28] -> 0.9579806750274361, effectiveDistance0253eV[65, 27] -> 0.9178586840001297, effectiveDistance0253eV[66, 26] -> 0.8724290984619502, effectiveDistance0253eV[67, 25] -> 0.7330432453831617, effectiveDistance0253eV[68, 24] -> 0.44035230634223566`, effectiveDistance0253eV[69, 23] -> 0.17373508182900305`}};
